HFULL 47181 M=-0.081,-0.000,-0.997,0.000,1.000,0.000,0.997,0.000,-0.081 T=-1.024,0.042,5.442
HFULL 4718f M=-0.081,-0.000,-0.997,0.000,1.000,0.000,0.997,0.000,-0.081 T=-1.024,0.042,5.263
HFULL 4719d M=0.200,-0.672,-0.713,0.000,-0.728,0.686,0.980,0.137,0.145 T=-1.078,-0.017,5.453
HFULL 471ab M=-0.035,-0.677,-0.735,0.000,-0.735,0.678,0.999,-0.024,-0.026 T=-1.078,-0.017,5.261
HFULL 471b9 M=0.194,-0.514,-0.835,0.000,-0.852,0.524,0.981,0.102,0.166 T=-1.126,-0.096,5.462
HFULL 471c7 M=-0.040,-0.517,-0.855,0.000,-0.856,0.517,0.999,-0.021,-0.035 T=-1.126,-0.096,5.259
HFULL 471d5 M=0.071,-0.435,-0.898,0.000,-0.900,0.436,0.997,0.031,0.064 T=-1.169,-0.184,5.465
HFULL 471e3 M=-0.165,-0.434,-0.885,0.000,-0.898,0.440,0.986,-0.073,-0.148 T=-1.169,-0.185,5.252
HFULL 471f1 M=0.197,-0.340,-0.920,0.000,-0.938,0.347,0.980,0.068,0.185 T=-1.202,-0.276,5.472
HFULL 47205 M=-0.039,-0.341,-0.939,0.000,-0.940,0.341,0.999,-0.013,-0.036 T=-1.202,-0.277,5.250
