UFULL 47181 M=-0.056,0.007,-0.998,0.611,0.791,-0.028,0.790,-0.611,-0.048 T=-1.024,0.128,5.502
UFULL 4718f M=-0.056,0.007,-0.998,0.609,0.793,-0.028,0.791,-0.610,-0.048 T=-1.034,0.128,5.332
UFULL 4719d M=0.592,0.119,-0.797,0.785,0.139,0.604,0.183,-0.983,-0.011 T=-1.081,0.055,5.504
UFULL 471ab M=0.001,0.257,-0.966,0.235,0.939,0.251,0.972,-0.227,-0.060 T=-1.091,0.055,5.334
UFULL 471b9 M=0.137,0.346,-0.928,0.472,0.801,0.368,0.871,-0.488,-0.053 T=-1.154,0.042,5.448
UFULL 471c7 M=-0.000,0.251,-0.968,0.237,0.940,0.244,0.972,-0.229,-0.060 T=-1.112,-0.032,5.311
UFULL 471d5 M=0.012,0.226,-0.974,0.308,0.926,0.218,0.951,-0.303,-0.058 T=-1.197,-0.032,5.414
UFULL 471e3 M=-0.026,0.180,-0.983,0.196,0.965,0.171,0.980,-0.189,-0.060 T=-1.134,-0.119,5.289
UFULL 471f1 M=-0.029,0.137,-0.990,0.232,0.964,0.127,0.972,-0.226,-0.060 T=-1.228,-0.123,5.393
UFULL 47205 M=-0.048,0.092,-0.995,0.149,0.985,0.084,0.988,-0.144,-0.060 T=-1.154,-0.214,5.272
